8.602705747762229294e-08
7.426962866929898155e-08
6.386322581874992466e-08
5.537076219752634643e-08
4.839129985612089513e-08
4.100898109982153983e-08
3.579295437816654157e-08
3.096490530651863082e-08
2.663949061343373614e-08
2.406228460927195556e-08
2.066685489410247101e-08
1.806065341725116014e-08
1.587355136223322916e-08
1.368283086833343987e-08
1.213981004610786840e-08
1.076521094489635288e-08
9.333460226912393409e-09
8.352965430447056860e-09
7.256764966712125897e-09
6.440103117455464599e-09
5.735588448629869163e-09
5.001864256115595708e-09
4.411674137116960992e-09
3.969674366999242920e-09
3.512028667884692368e-09
3.096618517162141870e-09
2.767297724304285111e-09
2.517485109265749088e-09
2.208374594303563754e-09
1.978961217119490357e-09
1.749086209201777820e-09
1.580101050002724605e-09
1.405610627891462627e-09
1.258808279835932353e-09
1.110851632901699304e-09
1.000273863738243563e-09
9.122546607009951458e-10
8.144354635142292409e-10
7.339350238666497717e-10
6.771611604783345228e-10
6.050783762923117592e-10
5.459018237452539779e-10
4.927461216830408830e-10
4.488681371039859869e-10
4.024293676074819359e-10
3.650803270804914291e-10
3.280989369081055429e-10
3.060600106685740229e-10
2.732286619178125875e-10
2.520366970681919838e-10
