8.941249847412109375e-01
9.731249809265136719e-01
9.787499904632568359e-01
9.835000038146972656e-01
9.867500066757202148e-01
9.909999966621398926e-01
9.912499785423278809e-01
9.938750267028808594e-01
9.942499995231628418e-01
9.928749799728393555e-01
9.942499995231628418e-01
9.955000281333923340e-01
9.983749985694885254e-01
9.955000281333923340e-01
9.973750114440917969e-01
9.980000257492065430e-01
9.968749880790710449e-01
9.997500181198120117e-01
1.000000000000000000e+00
1.000000000000000000e+00
1.000000000000000000e+00
1.000000000000000000e+00
1.000000000000000000e+00
1.000000000000000000e+00
1.000000000000000000e+00
1.000000000000000000e+00
1.000000000000000000e+00
1.000000000000000000e+00
1.000000000000000000e+00
1.000000000000000000e+00
1.000000000000000000e+00
1.000000000000000000e+00
1.000000000000000000e+00
1.000000000000000000e+00
1.000000000000000000e+00
1.000000000000000000e+00
1.000000000000000000e+00
1.000000000000000000e+00
1.000000000000000000e+00
1.000000000000000000e+00
1.000000000000000000e+00
1.000000000000000000e+00
1.000000000000000000e+00
1.000000000000000000e+00
1.000000000000000000e+00
1.000000000000000000e+00
1.000000000000000000e+00
1.000000000000000000e+00
1.000000000000000000e+00
1.000000000000000000e+00
